10
7
49
95
34
56
83
17
62
4
24
14
87
63
98
58
30
23
75
2
27
85
44
79
44
12
4
64
44
52
30
81
7
76
74
38
32
55
53
94
58
76
6
45
39
4
2
68
24
76
67
48
59
12
27
4
21
28
67
64
79
96
43
84
72
18
22
4
72
74
95
29
50
2
73
87
3
72
53
25
48
21
72
6
30
97
9
50
25
75
12
3
69
55
86
41
70
6
42
40
78
36
68
26
37
42
13
39
12
66
61
58
86
34
63
14
31
71
63
53
44
74
55
13
27
39
51
96
45
90
37
23
26
5
48
60
44
59
97
56
25
58
14
9
91
76
22
20
45
82
73
86
54
26
96
79
65
47
75
8
35
10
28
59
13
73
17
56
32
14
10
54
70
21
60
59
94
79
79
39
61
50
23
14
75
19
92
38
63
65
43
98
75
68
55
85
42
71
41
71
